x : 0.16666666666666663
y : 0.09999999999999998
u : -1.1102230246251565e-16
v : -1.1102230246251565e-16
q : 1.0

z:  2.220446049250313e-16
